76561198146781161
76561198158654980
76561198146436816
76561198071642745
76561198095543484
76561198067515514
76561198120929934
76561198108624783
76561198061647427
76561198051877993
76561198046322736
76561198009711267
76561198076586161
76561198073711376
76561198070973300
76561198079095683
76561198005483163
76561197995553278
76561198064825154
76561198047023022
76561198087201492
76561198064080476
76561198056554410
76561198068222793
76561198064367214
76561197980049457
76561198071558773
76561198071856604
76561198044102390
76561198045767445
76561198028392685
76561198047623531
76561198081752114
76561198002169780
76561198064206493
76561198011356057
76561198045892513
76561198060118961
76561198068520025
76561198051389917
76561198081628015
76561198077172082
76561198026996973
76561198084898750
76561198049418299
76561198031435466
76561198877895899
76561198379270462
76561198322694176
76561198047638441
76561198121909451
76561198055105751
76561198075869585
76561198077707172
76561198061553349
76561198046099149
76561198238179048
76561198260128942
76561198145698024
76561198061466456
76561199176343904
76561198054233018
76561198087499972
76561198081729931
76561198368267855
76561198048476957
76561198087854341
76561198056954416
76561198087757102
76561198022439541
76561198043549809
76561197995996037
76561198047852526
76561198123065822
76561198005314855
76561198011906503
76561198026874586
76561198127025989
76561198063924302
76561198103736953
76561198035435880
76561198025150574
76561198138805275
76561198208922941
76561198258486524
76561198365531094
76561198085903708
76561198078580017
76561198116002497
76561198141200789
76561198203479808
76561198096313083
76561198065098870
76561197993589240
76561198017388672
76561198060234650
76561198080376140
76561198065092094
76561198060462306
76561198068250573
76561198010612380
76561198055089610
76561198119469160
76561198064701368
76561198073309096
76561198060091542
76561198021070944
76561197991785589
76561198022285947
76561198042155831
76561198006675992
76561198013396326
76561198032819752
76561197991584334
76561198026485642
76561198012349211
76561198048174446
76561198000351712
76561198006990323
76561197984545631
76561197980182966
76561198026786565
76561198033146436
76561198027990253
76561198029811659
76561198051427992
76561198000765277
76561198045793655
76561198044317579
76561198023464573
76561198042752993
76561198012956878
76561198050403212
76561197983511315
76561198024001222
76561198025451013
76561198014323061
76561197993518055
76561198052071880
76561198043277459
76561198012279715
76561198035838575
76561198004981985
76561198023768912
76561198049746094
76561198060402775
76561198100169813
76561198139641211
76561198198416957
76561197992807666
76561198084492270
76561198066610203
76561198002731852
76561198067515514
76561198071642745
76561198095543484
76561198108624783
76561198120929934
76561198146436816
76561198146781161
76561198158654980
76561197985514942
76561198006389651
76561198012143248
76561197985514942
76561198006389651
76561198012143248
76561197985514942
76561197985514942
76561197985514942
76561197985514942
76561197985514942
76561197985514942
76561197985514942
76561197985514942
76561198006389651
76561197985514942
76561198006389651
76561197985514942
76561198006389651
76561197985514942
76561198006389651
76561197985514942
76561198006389651
76561197985514942
76561198006389651
76561197985514942
76561198006389651
76561197985514942
76561198006389651
76561197985514942
76561198006389651
76561197985514942
76561198006389651
76561197985514942
76561198006389651
76561197985514942
76561198006389651
76561197985514942
76561198006389651
76561197985514942
76561198006389651
76561197985514942
76561198006389651
76561197985514942
76561198006389651
76561197985514942
76561198006389651
76561197985514942
76561198006389651
76561197985514942
76561198006389651
76561197985514942
76561198006389651
76561197985514942
76561198006389651
76561197985514942
76561198006389651
76561197985514942
76561198006389651
76561198073355162
76561199199690066
76561198120581537
76561199069576421
76561198197890178
76561197998401807
76561198141953753
76561198042191475
76561199400586219
76561198199108706
76561198123371126
76561198110512697
76561198035849045
76561198197505881
76561197965805697
76561199410665750
76561199410215584
76561199379079268
76561199381730574
76561199414791611
76561199351767316
76561199422553093
76561199388900649
76561199438638181
76561199376509376
76561199375150089
76561199376172224
76561199379153543
76561199338294321
76561199376414443
76561199434895004
76561199405239524
76561199423726862
76561199410126674
76561199337559460
76561199353977486
76561199355598092
76561199404446734
76561199407373968
76561199417993333
76561199420287551
76561199429120754
76561199411208615
76561199309784816
76561199375107808
76561199405343230
76561199417580569
76561198083451545
76561198001381477
76561199031494679
76561198240553964
76561199022464232
76561198067804931
76561198120447451
76561198112611416
76561199052452744
76561198060929439
76561198346792459
76561198095406732
76561199031631759
76561198033898929
76561198405937602
76561199031703723
76561198905054821
76561198291697664
76561198255015947
76561198299891081
76561198122315051
76561198388723029
76561198078170628
76561198159158979
76561199031233563
76561198092968366
76561198007212712
76561199031362876
76561198219343843
76561198126110464
76561198163722954
76561198039136596
76561198126419715
76561198164245332
76561198066022250
76561198210152196
76561198132998138
76561199031837594
76561198119734449
76561199048632019
76561198104364807
76561198201034138
76561198081884161
76561199031724349
76561198120660965
76561198134565083
76561198276742111
76561198908958479
76561198121782497
76561198080527581
76561198379758190
76561198266717648
76561198119809940
76561198062415118
76561198022124384
76561197991072487
76561198016443933
76561197983827956
76561198301754677
76561198096577373
76561199058536170
76561198219672993
76561198063179524
76561198303673253
76561198008574087
76561198038078605
76561199031319536
76561198142524342
76561198018565275
76561198035441104
76561198056373316
76561198059689490
76561198219530081
76561198257504235
76561199056538243
76561198037908336
76561198104786710
76561198042155175
76561198205260836
76561198255809796
76561198104311634
76561198410601491
76561198264047117
76561198088634016
76561198002208977
76561199031684754
76561198109225343
76561198175175235
76561198827971934
76561198093051870
76561198113362884
76561198032742215
76561198082586578
76561198066850062
76561198073445054
76561198010954469
76561198074052517
76561199094114937
76561199206795344
76561197999099140
76561199031173478
76561198184596858
76561198129893701
76561197961071799
76561198048856642
76561199031623336
76561197984899793
76561198076413538
76561198057773894
76561198037168768
76561197999408603
76561198053397706
76561198073943818
76561198120191632
76561199031321052
76561198041715566
76561198132437643
76561198144839011
76561199071717784
76561198326879692
76561198165495332
76561198133591269
76561198097453914
76561198067086568
76561198091569577
76561198090992808
76561198188909545
76561198101716922
76561198050507678
76561198043771411
76561198296672348
76561198162621359
76561198045877406
76561198107878072
76561198453244710
76561198451027896
76561198047328713
76561198950966020
76561198075594251
76561198169144698
76561198091699429
76561198024907057
76561198316800721
76561198868164708
76561198110675291
76561198053781732
76561198214823700
76561198986347549
76561198151182240
76561198397079608
76561198139648236
76561198010751673
76561198060323486
76561198166965387
76561199049688021
76561198078529252
76561198043478899
76561198114915790
76561198007174147
76561198057352160
76561198331722655
76561199104246317
76561198067298289
76561198079684825
76561198156667852
76561198063887127
76561197981567344
76561198072289763
76561199134691683
76561198015575332
76561198160940256
76561198098078572
76561198097511476
76561198293226855
76561198129329009
76561198096334844
76561198283920505
76561198129914619
76561198806595928
76561198290660219
76561198878507867
76561198806588965
76561197971413303
76561198162900872
76561198198073962
76561198014448390
76561198178449803
76561198120140573
76561198295069624
76561198279701540
76561198393035894
76561199032002847
76561198002583910
76561198991030735
76561198853978633
76561198983359846
76561198985644863
76561198987525950
76561198991327059
76561198066919666
76561198151224281
76561198085125291
76561198202822931
76561198853756909
76561198003785447
76561198388189249
76561198038560006
76561198040064149
76561198044455298
76561198045072197
76561198067828733
76561198104851050
76561198127506679
76561198153780939
76561197987245763
76561198118484312
76561198133374459
76561197963341353
76561198040889257
76561198065851664
76561198081622510
76561198114739692
76561197991172811
76561198135287850
76561198049006053
76561198055740116
76561198019542527
76561198444477349
76561197996964717
76561198142053302
76561198151666400
76561198806612267
76561198806580702
76561198061926890
76561198092912387
76561199031528175
76561198055828564
76561197981236339
76561198009016757
76561198109916580
76561198810940671
76561198313133608
76561198114698601
76561198156416736
76561198029530655
76561198079946122
76561198024154051
76561198094585020
76561198165503429
76561198870246760
76561198041774307
76561198041617450
76561198053437622
76561198140926843
76561198242498936
76561198041797682
76561198070806529
76561197994460863
76561198065365285
76561199120901414
76561198853865620
76561198952719403
76561198073985489
76561198054942632
76561198168474661
76561198062101948
76561198062557580
76561198139881540
76561197979638617
76561198126604995
76561198044466336
76561198008934375
76561198036579146
76561198053710228
76561197975729823
76561198024156725
76561198061327072
76561198200126595
76561198137277451
76561198396744949
76561198031340271
76561198419087592
76561198284122910
76561198055811984
76561198052036760
76561198137940997
76561199133321974
76561199090521133
76561199081851513
76561198126480941
76561198125846892
76561198183996030
76561198157733170
76561199031598690
76561198077364067
76561198048964372
76561198092680946
76561198262632135
76561198159389326
76561198131056114
76561198101224971
76561198038964550
76561198071319774
76561197988737672
76561198228069512
76561198135522428
76561198028015677
76561198253053575
76561199288696216
76561197993028506
76561198078908396
76561198115147055
76561198090758502
76561198020331172
76561198061480029
76561198111297475
76561199017593791
76561199107003946
76561197994492746
76561198177704737
76561198232960416
76561198080686406
76561198016061282
76561198004630781
76561198078279434
76561198060018452
76561198040849135
76561198422391913
76561198149694097
76561198083563107
76561198312198040
76561198101659188
76561198294779309
76561198073262839
76561198068382775
76561198220537381
76561198037290342
76561197994266385
76561198139295486
76561198869256838
76561198080391617
76561198271205960
76561198271535316
76561198037399463
76561198064875101
76561198116835551
76561198015878881
76561198086728457
76561198998682607
76561198151168312
76561198026306480
76561197970409140
76561198347395938
76561198048747810
76561198092000669
76561198105483385
76561198126033828
76561198058758665
76561197998684255
76561198095707838
76561198236944902
76561198051239068
76561198126826090
76561198018457254
76561198159261176
76561198047847446
76561198306344923
76561198007955385
76561198113855800
76561198855029476
76561198119285020
76561198163913357
76561198053374026
76561198066830361
76561198023544970
76561198070883738
76561198053639248
76561198061384995
76561198897748295
76561199067875679
76561198043457198
76561198020781755
76561198088044875
76561198030514071
76561198030630489
76561199014059942
76561198077620061
76561198863852765
76561197976402480
76561198144523303
76561198305376624
76561198295610027
76561198046800482
76561199039384482
76561198278699500
76561198102553992
76561198076376437
76561198039630995
76561198261215477
76561199176281278
76561198154043268
76561198152751533
76561198205178056
76561198134206893
76561197983960231
76561198111584719
76561198161144929
76561198287169618
76561198074532415
76561197991555057
76561198908352069
76561198146805842
76561198073047299
76561198129232715
76561198022578181
76561197968440448
76561198059431515
76561198138665048
76561198204879481
76561198079179395
76561198140053148
76561197990011230
76561198039410774
76561198802663763
76561198044482699
76561197987780804
76561197960671791
76561198082171099
76561198022393520
76561198295423436
76561198363258040
76561198083094488
76561198004185965
76561198214155033
76561198028275130
76561198187450361
76561197987409618
76561198134468109
76561198351659826
76561199427375490
76561198011911729
76561198825333322
76561198120079997
76561198276322061
76561198100333680
76561198015429933
76561198053724142
76561198056063270
76561198302861577
76561198077242222
76561198928777378
76561198271039774
76561198268172285
76561198195983301
76561198233421448
76561198126062487
76561198120372145
76561198058477340
76561197963328087
76561198358960827
76561198414378350
76561198120046081
76561198225095252
76561198203859201
76561198030315787
76561198145288883
76561198073818647
76561198125598068
76561198983583069
76561198085992345
76561198302045233
76561198188863225
76561198057721356
76561199071979192
76561199072181122
76561199073380197
76561198116904522
